{
 "cells": [
  {
   "cell_type": "markdown",
   "id": "3ce3f92a",
   "metadata": {},
   "source": [
    "# Project: Soil fertility prediction using machine learning"
   ]
  },
  {
   "cell_type": "code",
   "execution_count": 1,
   "id": "11b0933d",
   "metadata": {},
   "outputs": [],
   "source": [
    "import pandas as pd\n",
    "import matplotlib.pyplot as plt\n",
    "%matplotlib inline\n",
    "import seaborn as sns"
   ]
  },
  {
   "cell_type": "code",
   "execution_count": 2,
   "id": "b7181f0d",
   "metadata": {},
   "outputs": [
    {
     "data": {
      "text/html": [
       "<div>\n",
       "<style scoped>\n",
       "    .dataframe tbody tr th:only-of-type {\n",
       "        vertical-align: middle;\n",
       "    }\n",
       "\n",
       "    .dataframe tbody tr th {\n",
       "        vertical-align: top;\n",
       "    }\n",
       "\n",
       "    .dataframe thead th {\n",
       "        text-align: right;\n",
       "    }\n",
       "</style>\n",
       "<table border=\"1\" class=\"dataframe\">\n",
       "  <thead>\n",
       "    <tr style=\"text-align: right;\">\n",
       "      <th></th>\n",
       "      <th>pH</th>\n",
       "      <th>EC</th>\n",
       "      <th>OC</th>\n",
       "      <th>OM</th>\n",
       "      <th>N</th>\n",
       "      <th>P</th>\n",
       "      <th>K</th>\n",
       "      <th>Zn</th>\n",
       "      <th>Fe</th>\n",
       "      <th>Cu</th>\n",
       "      <th>Mn</th>\n",
       "      <th>Sand</th>\n",
       "      <th>Silt</th>\n",
       "      <th>Clay</th>\n",
       "      <th>CaCO3</th>\n",
       "      <th>CEC</th>\n",
       "      <th>Output</th>\n",
       "    </tr>\n",
       "  </thead>\n",
       "  <tbody>\n",
       "    <tr>\n",
       "      <th>0</th>\n",
       "      <td>7.74</td>\n",
       "      <td>0.40</td>\n",
       "      <td>0.01</td>\n",
       "      <td>0.01</td>\n",
       "      <td>75</td>\n",
       "      <td>20.0</td>\n",
       "      <td>279</td>\n",
       "      <td>0.48</td>\n",
       "      <td>6.4</td>\n",
       "      <td>0.21</td>\n",
       "      <td>4.7</td>\n",
       "      <td>84.3</td>\n",
       "      <td>6.8</td>\n",
       "      <td>8.9</td>\n",
       "      <td>6.72</td>\n",
       "      <td>7.81</td>\n",
       "      <td>Fertile</td>\n",
       "    </tr>\n",
       "    <tr>\n",
       "      <th>1</th>\n",
       "      <td>9.02</td>\n",
       "      <td>0.31</td>\n",
       "      <td>0.02</td>\n",
       "      <td>0.03</td>\n",
       "      <td>85</td>\n",
       "      <td>15.7</td>\n",
       "      <td>247</td>\n",
       "      <td>0.27</td>\n",
       "      <td>6.4</td>\n",
       "      <td>0.16</td>\n",
       "      <td>5.6</td>\n",
       "      <td>90.4</td>\n",
       "      <td>3.9</td>\n",
       "      <td>5.7</td>\n",
       "      <td>4.61</td>\n",
       "      <td>7.19</td>\n",
       "      <td>Fertile</td>\n",
       "    </tr>\n",
       "    <tr>\n",
       "      <th>2</th>\n",
       "      <td>7.80</td>\n",
       "      <td>0.17</td>\n",
       "      <td>0.02</td>\n",
       "      <td>0.03</td>\n",
       "      <td>77</td>\n",
       "      <td>35.6</td>\n",
       "      <td>265</td>\n",
       "      <td>0.46</td>\n",
       "      <td>6.2</td>\n",
       "      <td>0.51</td>\n",
       "      <td>6.1</td>\n",
       "      <td>84.5</td>\n",
       "      <td>6.9</td>\n",
       "      <td>8.6</td>\n",
       "      <td>1.53</td>\n",
       "      <td>12.32</td>\n",
       "      <td>Fertile</td>\n",
       "    </tr>\n",
       "    <tr>\n",
       "      <th>3</th>\n",
       "      <td>8.36</td>\n",
       "      <td>0.02</td>\n",
       "      <td>0.03</td>\n",
       "      <td>0.05</td>\n",
       "      <td>106</td>\n",
       "      <td>6.4</td>\n",
       "      <td>127</td>\n",
       "      <td>0.50</td>\n",
       "      <td>3.1</td>\n",
       "      <td>0.28</td>\n",
       "      <td>2.3</td>\n",
       "      <td>93.9</td>\n",
       "      <td>1.7</td>\n",
       "      <td>4.4</td>\n",
       "      <td>0.00</td>\n",
       "      <td>1.60</td>\n",
       "      <td>Non Fertile</td>\n",
       "    </tr>\n",
       "    <tr>\n",
       "      <th>4</th>\n",
       "      <td>8.36</td>\n",
       "      <td>1.08</td>\n",
       "      <td>0.03</td>\n",
       "      <td>0.05</td>\n",
       "      <td>96</td>\n",
       "      <td>10.5</td>\n",
       "      <td>96</td>\n",
       "      <td>0.31</td>\n",
       "      <td>3.2</td>\n",
       "      <td>0.23</td>\n",
       "      <td>4.1</td>\n",
       "      <td>91.5</td>\n",
       "      <td>4.1</td>\n",
       "      <td>4.4</td>\n",
       "      <td>9.08</td>\n",
       "      <td>7.21</td>\n",
       "      <td>Non Fertile</td>\n",
       "    </tr>\n",
       "  </tbody>\n",
       "</table>\n",
       "</div>"
      ],
      "text/plain": [
       "     pH    EC    OC    OM    N     P    K    Zn   Fe    Cu   Mn  Sand  Silt  \\\n",
       "0  7.74  0.40  0.01  0.01   75  20.0  279  0.48  6.4  0.21  4.7  84.3   6.8   \n",
       "1  9.02  0.31  0.02  0.03   85  15.7  247  0.27  6.4  0.16  5.6  90.4   3.9   \n",
       "2  7.80  0.17  0.02  0.03   77  35.6  265  0.46  6.2  0.51  6.1  84.5   6.9   \n",
       "3  8.36  0.02  0.03  0.05  106   6.4  127  0.50  3.1  0.28  2.3  93.9   1.7   \n",
       "4  8.36  1.08  0.03  0.05   96  10.5   96  0.31  3.2  0.23  4.1  91.5   4.1   \n",
       "\n",
       "   Clay  CaCO3    CEC       Output  \n",
       "0   8.9   6.72   7.81      Fertile  \n",
       "1   5.7   4.61   7.19      Fertile  \n",
       "2   8.6   1.53  12.32      Fertile  \n",
       "3   4.4   0.00   1.60  Non Fertile  \n",
       "4   4.4   9.08   7.21  Non Fertile  "
      ]
     },
     "execution_count": 2,
     "metadata": {},
     "output_type": "execute_result"
    }
   ],
   "source": [
    "data = pd.read_csv('data.csv')\n",
    "data.head()"
   ]
  },
  {
   "cell_type": "code",
   "execution_count": 3,
   "id": "5d86fa62",
   "metadata": {},
   "outputs": [
    {
     "data": {
      "text/html": [
       "<div>\n",
       "<style scoped>\n",
       "    .dataframe tbody tr th:only-of-type {\n",
       "        vertical-align: middle;\n",
       "    }\n",
       "\n",
       "    .dataframe tbody tr th {\n",
       "        vertical-align: top;\n",
       "    }\n",
       "\n",
       "    .dataframe thead th {\n",
       "        text-align: right;\n",
       "    }\n",
       "</style>\n",
       "<table border=\"1\" class=\"dataframe\">\n",
       "  <thead>\n",
       "    <tr style=\"text-align: right;\">\n",
       "      <th></th>\n",
       "      <th>Ph</th>\n",
       "      <th>EC</th>\n",
       "      <th>OC</th>\n",
       "      <th>OM</th>\n",
       "      <th>N</th>\n",
       "      <th>P</th>\n",
       "      <th>K</th>\n",
       "      <th>Zn</th>\n",
       "      <th>Fe</th>\n",
       "      <th>Cu</th>\n",
       "      <th>Mn</th>\n",
       "      <th>Sand</th>\n",
       "      <th>Silt</th>\n",
       "      <th>Clay</th>\n",
       "      <th>CaCO3</th>\n",
       "      <th>CEC</th>\n",
       "    </tr>\n",
       "  </thead>\n",
       "  <tbody>\n",
       "    <tr>\n",
       "      <th>0</th>\n",
       "      <td>7.34</td>\n",
       "      <td>0.18</td>\n",
       "      <td>0.26</td>\n",
       "      <td>0.45</td>\n",
       "      <td>172</td>\n",
       "      <td>13</td>\n",
       "      <td>90</td>\n",
       "      <td>0.28</td>\n",
       "      <td>2.6</td>\n",
       "      <td>2.10</td>\n",
       "      <td>0.80</td>\n",
       "      <td>80.99</td>\n",
       "      <td>4.69</td>\n",
       "      <td>14.32</td>\n",
       "      <td>1.90</td>\n",
       "      <td>2.69</td>\n",
       "    </tr>\n",
       "    <tr>\n",
       "      <th>1</th>\n",
       "      <td>7.86</td>\n",
       "      <td>0.72</td>\n",
       "      <td>0.74</td>\n",
       "      <td>1.27</td>\n",
       "      <td>212</td>\n",
       "      <td>6</td>\n",
       "      <td>148</td>\n",
       "      <td>0.55</td>\n",
       "      <td>6.2</td>\n",
       "      <td>0.18</td>\n",
       "      <td>4.70</td>\n",
       "      <td>85.91</td>\n",
       "      <td>1.58</td>\n",
       "      <td>12.51</td>\n",
       "      <td>4.30</td>\n",
       "      <td>4.01</td>\n",
       "    </tr>\n",
       "    <tr>\n",
       "      <th>2</th>\n",
       "      <td>9.00</td>\n",
       "      <td>2.36</td>\n",
       "      <td>0.77</td>\n",
       "      <td>1.33</td>\n",
       "      <td>380</td>\n",
       "      <td>58</td>\n",
       "      <td>404</td>\n",
       "      <td>3.93</td>\n",
       "      <td>4.8</td>\n",
       "      <td>3.20</td>\n",
       "      <td>2.90</td>\n",
       "      <td>83.49</td>\n",
       "      <td>5.92</td>\n",
       "      <td>10.59</td>\n",
       "      <td>2.67</td>\n",
       "      <td>3.79</td>\n",
       "    </tr>\n",
       "    <tr>\n",
       "      <th>3</th>\n",
       "      <td>7.52</td>\n",
       "      <td>0.63</td>\n",
       "      <td>0.30</td>\n",
       "      <td>0.51</td>\n",
       "      <td>183</td>\n",
       "      <td>36</td>\n",
       "      <td>265</td>\n",
       "      <td>2.65</td>\n",
       "      <td>3.9</td>\n",
       "      <td>0.82</td>\n",
       "      <td>8.03</td>\n",
       "      <td>78.56</td>\n",
       "      <td>8.80</td>\n",
       "      <td>12.64</td>\n",
       "      <td>6.41</td>\n",
       "      <td>4.64</td>\n",
       "    </tr>\n",
       "    <tr>\n",
       "      <th>4</th>\n",
       "      <td>8.71</td>\n",
       "      <td>1.87</td>\n",
       "      <td>0.58</td>\n",
       "      <td>1.00</td>\n",
       "      <td>290</td>\n",
       "      <td>19</td>\n",
       "      <td>584</td>\n",
       "      <td>4.00</td>\n",
       "      <td>3.5</td>\n",
       "      <td>0.09</td>\n",
       "      <td>0.70</td>\n",
       "      <td>82.21</td>\n",
       "      <td>7.74</td>\n",
       "      <td>10.05</td>\n",
       "      <td>3.54</td>\n",
       "      <td>6.22</td>\n",
       "    </tr>\n",
       "  </tbody>\n",
       "</table>\n",
       "</div>"
      ],
      "text/plain": [
       "     Ph    EC    OC    OM    N   P    K    Zn   Fe    Cu    Mn   Sand  Silt  \\\n",
       "0  7.34  0.18  0.26  0.45  172  13   90  0.28  2.6  2.10  0.80  80.99  4.69   \n",
       "1  7.86  0.72  0.74  1.27  212   6  148  0.55  6.2  0.18  4.70  85.91  1.58   \n",
       "2  9.00  2.36  0.77  1.33  380  58  404  3.93  4.8  3.20  2.90  83.49  5.92   \n",
       "3  7.52  0.63  0.30  0.51  183  36  265  2.65  3.9  0.82  8.03  78.56  8.80   \n",
       "4  8.71  1.87  0.58  1.00  290  19  584  4.00  3.5  0.09  0.70  82.21  7.74   \n",
       "\n",
       "    Clay  CaCO3   CEC  \n",
       "0  14.32   1.90  2.69  \n",
       "1  12.51   4.30  4.01  \n",
       "2  10.59   2.67  3.79  \n",
       "3  12.64   6.41  4.64  \n",
       "4  10.05   3.54  6.22  "
      ]
     },
     "execution_count": 3,
     "metadata": {},
     "output_type": "execute_result"
    }
   ],
   "source": [
    "test_data1 = pd.read_csv('testdata1fls.csv')\n",
    "test_data2 = pd.read_csv('testdata2wls.csv')\n",
    "test_data1"
   ]
  },
  {
   "cell_type": "code",
   "execution_count": 4,
   "id": "d3dd281f",
   "metadata": {
    "scrolled": true
   },
   "outputs": [
    {
     "data": {
      "text/html": [
       "<div>\n",
       "<style scoped>\n",
       "    .dataframe tbody tr th:only-of-type {\n",
       "        vertical-align: middle;\n",
       "    }\n",
       "\n",
       "    .dataframe tbody tr th {\n",
       "        vertical-align: top;\n",
       "    }\n",
       "\n",
       "    .dataframe thead th {\n",
       "        text-align: right;\n",
       "    }\n",
       "</style>\n",
       "<table border=\"1\" class=\"dataframe\">\n",
       "  <thead>\n",
       "    <tr style=\"text-align: right;\">\n",
       "      <th></th>\n",
       "      <th>Ph</th>\n",
       "      <th>EC</th>\n",
       "      <th>OC</th>\n",
       "      <th>OM</th>\n",
       "      <th>N</th>\n",
       "      <th>P</th>\n",
       "      <th>K</th>\n",
       "      <th>Zn</th>\n",
       "      <th>Fe</th>\n",
       "      <th>Cu</th>\n",
       "      <th>Mn</th>\n",
       "      <th>Sand</th>\n",
       "      <th>Silt</th>\n",
       "      <th>Clay</th>\n",
       "      <th>CaCO3</th>\n",
       "      <th>CEC</th>\n",
       "    </tr>\n",
       "  </thead>\n",
       "  <tbody>\n",
       "    <tr>\n",
       "      <th>0</th>\n",
       "      <td>6.63</td>\n",
       "      <td>0.14</td>\n",
       "      <td>0.08</td>\n",
       "      <td>0.13</td>\n",
       "      <td>74</td>\n",
       "      <td>10.50</td>\n",
       "      <td>326</td>\n",
       "      <td>0.38</td>\n",
       "      <td>3.47</td>\n",
       "      <td>0.03</td>\n",
       "      <td>6.11</td>\n",
       "      <td>90.08</td>\n",
       "      <td>7.29</td>\n",
       "      <td>2.63</td>\n",
       "      <td>1.02</td>\n",
       "      <td>3.06</td>\n",
       "    </tr>\n",
       "    <tr>\n",
       "      <th>1</th>\n",
       "      <td>7.92</td>\n",
       "      <td>0.41</td>\n",
       "      <td>0.27</td>\n",
       "      <td>0.46</td>\n",
       "      <td>180</td>\n",
       "      <td>4.53</td>\n",
       "      <td>148</td>\n",
       "      <td>0.51</td>\n",
       "      <td>2.42</td>\n",
       "      <td>0.15</td>\n",
       "      <td>0.52</td>\n",
       "      <td>95.25</td>\n",
       "      <td>1.51</td>\n",
       "      <td>3.24</td>\n",
       "      <td>2.50</td>\n",
       "      <td>4.11</td>\n",
       "    </tr>\n",
       "    <tr>\n",
       "      <th>2</th>\n",
       "      <td>6.34</td>\n",
       "      <td>2.72</td>\n",
       "      <td>0.14</td>\n",
       "      <td>0.24</td>\n",
       "      <td>154</td>\n",
       "      <td>18.97</td>\n",
       "      <td>176</td>\n",
       "      <td>0.76</td>\n",
       "      <td>4.19</td>\n",
       "      <td>0.67</td>\n",
       "      <td>0.80</td>\n",
       "      <td>97.82</td>\n",
       "      <td>1.00</td>\n",
       "      <td>1.18</td>\n",
       "      <td>3.34</td>\n",
       "      <td>2.27</td>\n",
       "    </tr>\n",
       "    <tr>\n",
       "      <th>3</th>\n",
       "      <td>8.35</td>\n",
       "      <td>0.56</td>\n",
       "      <td>0.29</td>\n",
       "      <td>0.50</td>\n",
       "      <td>248</td>\n",
       "      <td>33.00</td>\n",
       "      <td>134</td>\n",
       "      <td>0.27</td>\n",
       "      <td>6.48</td>\n",
       "      <td>0.08</td>\n",
       "      <td>0.27</td>\n",
       "      <td>96.01</td>\n",
       "      <td>2.88</td>\n",
       "      <td>1.11</td>\n",
       "      <td>1.88</td>\n",
       "      <td>3.82</td>\n",
       "    </tr>\n",
       "    <tr>\n",
       "      <th>4</th>\n",
       "      <td>8.78</td>\n",
       "      <td>0.33</td>\n",
       "      <td>0.11</td>\n",
       "      <td>0.19</td>\n",
       "      <td>227</td>\n",
       "      <td>12.70</td>\n",
       "      <td>103</td>\n",
       "      <td>0.18</td>\n",
       "      <td>2.73</td>\n",
       "      <td>0.11</td>\n",
       "      <td>0.40</td>\n",
       "      <td>92.66</td>\n",
       "      <td>1.67</td>\n",
       "      <td>5.67</td>\n",
       "      <td>3.03</td>\n",
       "      <td>2.73</td>\n",
       "    </tr>\n",
       "  </tbody>\n",
       "</table>\n",
       "</div>"
      ],
      "text/plain": [
       "     Ph    EC    OC    OM    N      P    K    Zn    Fe    Cu    Mn   Sand  \\\n",
       "0  6.63  0.14  0.08  0.13   74  10.50  326  0.38  3.47  0.03  6.11  90.08   \n",
       "1  7.92  0.41  0.27  0.46  180   4.53  148  0.51  2.42  0.15  0.52  95.25   \n",
       "2  6.34  2.72  0.14  0.24  154  18.97  176  0.76  4.19  0.67  0.80  97.82   \n",
       "3  8.35  0.56  0.29  0.50  248  33.00  134  0.27  6.48  0.08  0.27  96.01   \n",
       "4  8.78  0.33  0.11  0.19  227  12.70  103  0.18  2.73  0.11  0.40  92.66   \n",
       "\n",
       "   Silt  Clay  CaCO3   CEC  \n",
       "0  7.29  2.63   1.02  3.06  \n",
       "1  1.51  3.24   2.50  4.11  \n",
       "2  1.00  1.18   3.34  2.27  \n",
       "3  2.88  1.11   1.88  3.82  \n",
       "4  1.67  5.67   3.03  2.73  "
      ]
     },
     "execution_count": 4,
     "metadata": {},
     "output_type": "execute_result"
    }
   ],
   "source": [
    "test_data2"
   ]
  },
  {
   "cell_type": "raw",
   "id": "b6767056",
   "metadata": {},
   "source": [
    "# Exploratory data analysis"
   ]
  },
  {
   "cell_type": "code",
   "execution_count": 5,
   "id": "2ec92eb9",
   "metadata": {},
   "outputs": [
    {
     "data": {
      "text/plain": [
       "(100, 17)"
      ]
     },
     "execution_count": 5,
     "metadata": {},
     "output_type": "execute_result"
    }
   ],
   "source": [
    "data.shape"
   ]
  },
  {
   "cell_type": "code",
   "execution_count": 6,
   "id": "9a06a23c",
   "metadata": {},
   "outputs": [
    {
     "name": "stdout",
     "output_type": "stream",
     "text": [
      "<class 'pandas.core.frame.DataFrame'>\n",
      "RangeIndex: 100 entries, 0 to 99\n",
      "Data columns (total 17 columns):\n",
      " #   Column  Non-Null Count  Dtype  \n",
      "---  ------  --------------  -----  \n",
      " 0   pH      100 non-null    float64\n",
      " 1   EC      100 non-null    float64\n",
      " 2   OC      100 non-null    float64\n",
      " 3   OM      100 non-null    float64\n",
      " 4   N       100 non-null    int64  \n",
      " 5   P       100 non-null    float64\n",
      " 6   K       100 non-null    int64  \n",
      " 7   Zn      100 non-null    float64\n",
      " 8   Fe      100 non-null    float64\n",
      " 9   Cu      100 non-null    float64\n",
      " 10  Mn      100 non-null    float64\n",
      " 11  Sand    100 non-null    float64\n",
      " 12  Silt    100 non-null    float64\n",
      " 13  Clay    100 non-null    float64\n",
      " 14  CaCO3   100 non-null    float64\n",
      " 15  CEC     100 non-null    float64\n",
      " 16  Output  100 non-null    object \n",
      "dtypes: float64(14), int64(2), object(1)\n",
      "memory usage: 13.4+ KB\n"
     ]
    }
   ],
   "source": [
    "data.info()"
   ]
  },
  {
   "cell_type": "code",
   "execution_count": 7,
   "id": "6aab75eb",
   "metadata": {},
   "outputs": [
    {
     "data": {
      "text/plain": [
       "pH        71\n",
       "EC        48\n",
       "OC        40\n",
       "OM        40\n",
       "N         76\n",
       "P         80\n",
       "K         84\n",
       "Zn        61\n",
       "Fe        46\n",
       "Cu        50\n",
       "Mn        53\n",
       "Sand      71\n",
       "Silt      63\n",
       "Clay      59\n",
       "CaCO3     72\n",
       "CEC       95\n",
       "Output     2\n",
       "dtype: int64"
      ]
     },
     "execution_count": 7,
     "metadata": {},
     "output_type": "execute_result"
    }
   ],
   "source": [
    "data.nunique()"
   ]
  },
  {
   "cell_type": "code",
   "execution_count": 8,
   "id": "8b79f036",
   "metadata": {},
   "outputs": [
    {
     "data": {
      "text/plain": [
       "pH        0\n",
       "EC        0\n",
       "OC        0\n",
       "OM        0\n",
       "N         0\n",
       "P         0\n",
       "K         0\n",
       "Zn        0\n",
       "Fe        0\n",
       "Cu        0\n",
       "Mn        0\n",
       "Sand      0\n",
       "Silt      0\n",
       "Clay      0\n",
       "CaCO3     0\n",
       "CEC       0\n",
       "Output    0\n",
       "dtype: int64"
      ]
     },
     "execution_count": 8,
     "metadata": {},
     "output_type": "execute_result"
    }
   ],
   "source": [
    "data.isnull().sum()"
   ]
  },
  {
   "cell_type": "code",
   "execution_count": 9,
   "id": "fec3dfdb",
   "metadata": {},
   "outputs": [
    {
     "data": {
      "text/html": [
       "<div>\n",
       "<style scoped>\n",
       "    .dataframe tbody tr th:only-of-type {\n",
       "        vertical-align: middle;\n",
       "    }\n",
       "\n",
       "    .dataframe tbody tr th {\n",
       "        vertical-align: top;\n",
       "    }\n",
       "\n",
       "    .dataframe thead th {\n",
       "        text-align: right;\n",
       "    }\n",
       "</style>\n",
       "<table border=\"1\" class=\"dataframe\">\n",
       "  <thead>\n",
       "    <tr style=\"text-align: right;\">\n",
       "      <th></th>\n",
       "      <th>pH</th>\n",
       "      <th>EC</th>\n",
       "      <th>OC</th>\n",
       "      <th>OM</th>\n",
       "      <th>N</th>\n",
       "      <th>P</th>\n",
       "      <th>K</th>\n",
       "      <th>Zn</th>\n",
       "      <th>Fe</th>\n",
       "      <th>Cu</th>\n",
       "      <th>Mn</th>\n",
       "      <th>Sand</th>\n",
       "      <th>Silt</th>\n",
       "      <th>Clay</th>\n",
       "      <th>CaCO3</th>\n",
       "      <th>CEC</th>\n",
       "    </tr>\n",
       "  </thead>\n",
       "  <tbody>\n",
       "    <tr>\n",
       "      <th>0</th>\n",
       "      <td>7.74</td>\n",
       "      <td>0.40</td>\n",
       "      <td>0.01</td>\n",
       "      <td>0.01</td>\n",
       "      <td>75</td>\n",
       "      <td>20.0</td>\n",
       "      <td>279</td>\n",
       "      <td>0.48</td>\n",
       "      <td>6.4</td>\n",
       "      <td>0.21</td>\n",
       "      <td>4.7</td>\n",
       "      <td>84.3</td>\n",
       "      <td>6.8</td>\n",
       "      <td>8.9</td>\n",
       "      <td>6.72</td>\n",
       "      <td>7.81</td>\n",
       "    </tr>\n",
       "    <tr>\n",
       "      <th>1</th>\n",
       "      <td>9.02</td>\n",
       "      <td>0.31</td>\n",
       "      <td>0.02</td>\n",
       "      <td>0.03</td>\n",
       "      <td>85</td>\n",
       "      <td>15.7</td>\n",
       "      <td>247</td>\n",
       "      <td>0.27</td>\n",
       "      <td>6.4</td>\n",
       "      <td>0.16</td>\n",
       "      <td>5.6</td>\n",
       "      <td>90.4</td>\n",
       "      <td>3.9</td>\n",
       "      <td>5.7</td>\n",
       "      <td>4.61</td>\n",
       "      <td>7.19</td>\n",
       "    </tr>\n",
       "    <tr>\n",
       "      <th>2</th>\n",
       "      <td>7.80</td>\n",
       "      <td>0.17</td>\n",
       "      <td>0.02</td>\n",
       "      <td>0.03</td>\n",
       "      <td>77</td>\n",
       "      <td>35.6</td>\n",
       "      <td>265</td>\n",
       "      <td>0.46</td>\n",
       "      <td>6.2</td>\n",
       "      <td>0.51</td>\n",
       "      <td>6.1</td>\n",
       "      <td>84.5</td>\n",
       "      <td>6.9</td>\n",
       "      <td>8.6</td>\n",
       "      <td>1.53</td>\n",
       "      <td>12.32</td>\n",
       "    </tr>\n",
       "    <tr>\n",
       "      <th>3</th>\n",
       "      <td>8.36</td>\n",
       "      <td>0.02</td>\n",
       "      <td>0.03</td>\n",
       "      <td>0.05</td>\n",
       "      <td>106</td>\n",
       "      <td>6.4</td>\n",
       "      <td>127</td>\n",
       "      <td>0.50</td>\n",
       "      <td>3.1</td>\n",
       "      <td>0.28</td>\n",
       "      <td>2.3</td>\n",
       "      <td>93.9</td>\n",
       "      <td>1.7</td>\n",
       "      <td>4.4</td>\n",
       "      <td>0.00</td>\n",
       "      <td>1.60</td>\n",
       "    </tr>\n",
       "    <tr>\n",
       "      <th>4</th>\n",
       "      <td>8.36</td>\n",
       "      <td>1.08</td>\n",
       "      <td>0.03</td>\n",
       "      <td>0.05</td>\n",
       "      <td>96</td>\n",
       "      <td>10.5</td>\n",
       "      <td>96</td>\n",
       "      <td>0.31</td>\n",
       "      <td>3.2</td>\n",
       "      <td>0.23</td>\n",
       "      <td>4.1</td>\n",
       "      <td>91.5</td>\n",
       "      <td>4.1</td>\n",
       "      <td>4.4</td>\n",
       "      <td>9.08</td>\n",
       "      <td>7.21</td>\n",
       "    </tr>\n",
       "  </tbody>\n",
       "</table>\n",
       "</div>"
      ],
      "text/plain": [
       "     pH    EC    OC    OM    N     P    K    Zn   Fe    Cu   Mn  Sand  Silt  \\\n",
       "0  7.74  0.40  0.01  0.01   75  20.0  279  0.48  6.4  0.21  4.7  84.3   6.8   \n",
       "1  9.02  0.31  0.02  0.03   85  15.7  247  0.27  6.4  0.16  5.6  90.4   3.9   \n",
       "2  7.80  0.17  0.02  0.03   77  35.6  265  0.46  6.2  0.51  6.1  84.5   6.9   \n",
       "3  8.36  0.02  0.03  0.05  106   6.4  127  0.50  3.1  0.28  2.3  93.9   1.7   \n",
       "4  8.36  1.08  0.03  0.05   96  10.5   96  0.31  3.2  0.23  4.1  91.5   4.1   \n",
       "\n",
       "   Clay  CaCO3    CEC  \n",
       "0   8.9   6.72   7.81  \n",
       "1   5.7   4.61   7.19  \n",
       "2   8.6   1.53  12.32  \n",
       "3   4.4   0.00   1.60  \n",
       "4   4.4   9.08   7.21  "
      ]
     },
     "execution_count": 9,
     "metadata": {},
     "output_type": "execute_result"
    }
   ],
   "source": [
    "x = data.drop('Output',axis='columns')\n",
    "x.head()"
   ]
  },
  {
   "cell_type": "code",
   "execution_count": 10,
   "id": "7414438d",
   "metadata": {},
   "outputs": [
    {
     "data": {
      "text/html": [
       "<div>\n",
       "<style scoped>\n",
       "    .dataframe tbody tr th:only-of-type {\n",
       "        vertical-align: middle;\n",
       "    }\n",
       "\n",
       "    .dataframe tbody tr th {\n",
       "        vertical-align: top;\n",
       "    }\n",
       "\n",
       "    .dataframe thead th {\n",
       "        text-align: right;\n",
       "    }\n",
       "</style>\n",
       "<table border=\"1\" class=\"dataframe\">\n",
       "  <thead>\n",
       "    <tr style=\"text-align: right;\">\n",
       "      <th></th>\n",
       "      <th>pH</th>\n",
       "      <th>EC</th>\n",
       "      <th>OC</th>\n",
       "      <th>OM</th>\n",
       "      <th>N</th>\n",
       "      <th>P</th>\n",
       "      <th>K</th>\n",
       "      <th>Zn</th>\n",
       "      <th>Fe</th>\n",
       "      <th>Cu</th>\n",
       "      <th>Mn</th>\n",
       "      <th>Sand</th>\n",
       "      <th>Silt</th>\n",
       "      <th>Clay</th>\n",
       "      <th>CaCO3</th>\n",
       "      <th>CEC</th>\n",
       "    </tr>\n",
       "  </thead>\n",
       "  <tbody>\n",
       "    <tr>\n",
       "      <th>pH</th>\n",
       "      <td>1.000000</td>\n",
       "      <td>-0.039785</td>\n",
       "      <td>0.054628</td>\n",
       "      <td>0.054636</td>\n",
       "      <td>0.215123</td>\n",
       "      <td>-0.104457</td>\n",
       "      <td>0.008033</td>\n",
       "      <td>-0.125287</td>\n",
       "      <td>0.000248</td>\n",
       "      <td>0.111895</td>\n",
       "      <td>-0.065682</td>\n",
       "      <td>-0.102130</td>\n",
       "      <td>0.139819</td>\n",
       "      <td>0.018530</td>\n",
       "      <td>0.069781</td>\n",
       "      <td>-0.127546</td>\n",
       "    </tr>\n",
       "    <tr>\n",
       "      <th>EC</th>\n",
       "      <td>-0.039785</td>\n",
       "      <td>1.000000</td>\n",
       "      <td>-0.064467</td>\n",
       "      <td>-0.065148</td>\n",
       "      <td>-0.131516</td>\n",
       "      <td>0.034344</td>\n",
       "      <td>0.174792</td>\n",
       "      <td>0.022255</td>\n",
       "      <td>0.177803</td>\n",
       "      <td>0.031690</td>\n",
       "      <td>0.170074</td>\n",
       "      <td>-0.264067</td>\n",
       "      <td>0.148132</td>\n",
       "      <td>0.310270</td>\n",
       "      <td>0.244580</td>\n",
       "      <td>0.151634</td>\n",
       "    </tr>\n",
       "    <tr>\n",
       "      <th>OC</th>\n",
       "      <td>0.054628</td>\n",
       "      <td>-0.064467</td>\n",
       "      <td>1.000000</td>\n",
       "      <td>0.999953</td>\n",
       "      <td>0.874600</td>\n",
       "      <td>-0.063918</td>\n",
       "      <td>0.117024</td>\n",
       "      <td>0.052893</td>\n",
       "      <td>0.268363</td>\n",
       "      <td>0.048208</td>\n",
       "      <td>-0.049230</td>\n",
       "      <td>-0.226911</td>\n",
       "      <td>0.200327</td>\n",
       "      <td>0.177017</td>\n",
       "      <td>-0.064737</td>\n",
       "      <td>0.242274</td>\n",
       "    </tr>\n",
       "    <tr>\n",
       "      <th>OM</th>\n",
       "      <td>0.054636</td>\n",
       "      <td>-0.065148</td>\n",
       "      <td>0.999953</td>\n",
       "      <td>1.000000</td>\n",
       "      <td>0.874989</td>\n",
       "      <td>-0.065122</td>\n",
       "      <td>0.117469</td>\n",
       "      <td>0.052041</td>\n",
       "      <td>0.267066</td>\n",
       "      <td>0.047907</td>\n",
       "      <td>-0.049630</td>\n",
       "      <td>-0.225636</td>\n",
       "      <td>0.199655</td>\n",
       "      <td>0.175467</td>\n",
       "      <td>-0.064763</td>\n",
       "      <td>0.241222</td>\n",
       "    </tr>\n",
       "    <tr>\n",
       "      <th>N</th>\n",
       "      <td>0.215123</td>\n",
       "      <td>-0.131516</td>\n",
       "      <td>0.874600</td>\n",
       "      <td>0.874989</td>\n",
       "      <td>1.000000</td>\n",
       "      <td>-0.174320</td>\n",
       "      <td>0.080173</td>\n",
       "      <td>0.074115</td>\n",
       "      <td>0.184906</td>\n",
       "      <td>0.079142</td>\n",
       "      <td>-0.107176</td>\n",
       "      <td>-0.161278</td>\n",
       "      <td>0.216251</td>\n",
       "      <td>0.035362</td>\n",
       "      <td>-0.030218</td>\n",
       "      <td>0.146390</td>\n",
       "    </tr>\n",
       "    <tr>\n",
       "      <th>P</th>\n",
       "      <td>-0.104457</td>\n",
       "      <td>0.034344</td>\n",
       "      <td>-0.063918</td>\n",
       "      <td>-0.065122</td>\n",
       "      <td>-0.174320</td>\n",
       "      <td>1.000000</td>\n",
       "      <td>0.040908</td>\n",
       "      <td>0.088894</td>\n",
       "      <td>0.155752</td>\n",
       "      <td>0.179923</td>\n",
       "      <td>0.253839</td>\n",
       "      <td>-0.405029</td>\n",
       "      <td>0.200875</td>\n",
       "      <td>0.508103</td>\n",
       "      <td>0.223148</td>\n",
       "      <td>0.440307</td>\n",
       "    </tr>\n",
       "    <tr>\n",
       "      <th>K</th>\n",
       "      <td>0.008033</td>\n",
       "      <td>0.174792</td>\n",
       "      <td>0.117024</td>\n",
       "      <td>0.117469</td>\n",
       "      <td>0.080173</td>\n",
       "      <td>0.040908</td>\n",
       "      <td>1.000000</td>\n",
       "      <td>0.029318</td>\n",
       "      <td>0.105048</td>\n",
       "      <td>-0.035262</td>\n",
       "      <td>0.127351</td>\n",
       "      <td>-0.336955</td>\n",
       "      <td>0.360472</td>\n",
       "      <td>0.185336</td>\n",
       "      <td>-0.037375</td>\n",
       "      <td>0.220634</td>\n",
       "    </tr>\n",
       "    <tr>\n",
       "      <th>Zn</th>\n",
       "      <td>-0.125287</td>\n",
       "      <td>0.022255</td>\n",
       "      <td>0.052893</td>\n",
       "      <td>0.052041</td>\n",
       "      <td>0.074115</td>\n",
       "      <td>0.088894</td>\n",
       "      <td>0.029318</td>\n",
       "      <td>1.000000</td>\n",
       "      <td>-0.015407</td>\n",
       "      <td>0.117413</td>\n",
       "      <td>0.038849</td>\n",
       "      <td>0.033104</td>\n",
       "      <td>-0.057720</td>\n",
       "      <td>0.009284</td>\n",
       "      <td>0.053424</td>\n",
       "      <td>0.114444</td>\n",
       "    </tr>\n",
       "    <tr>\n",
       "      <th>Fe</th>\n",
       "      <td>0.000248</td>\n",
       "      <td>0.177803</td>\n",
       "      <td>0.268363</td>\n",
       "      <td>0.267066</td>\n",
       "      <td>0.184906</td>\n",
       "      <td>0.155752</td>\n",
       "      <td>0.105048</td>\n",
       "      <td>-0.015407</td>\n",
       "      <td>1.000000</td>\n",
       "      <td>0.330394</td>\n",
       "      <td>0.239800</td>\n",
       "      <td>-0.364939</td>\n",
       "      <td>0.281886</td>\n",
       "      <td>0.334471</td>\n",
       "      <td>0.029093</td>\n",
       "      <td>0.209504</td>\n",
       "    </tr>\n",
       "    <tr>\n",
       "      <th>Cu</th>\n",
       "      <td>0.111895</td>\n",
       "      <td>0.031690</td>\n",
       "      <td>0.048208</td>\n",
       "      <td>0.047907</td>\n",
       "      <td>0.079142</td>\n",
       "      <td>0.179923</td>\n",
       "      <td>-0.035262</td>\n",
       "      <td>0.117413</td>\n",
       "      <td>0.330394</td>\n",
       "      <td>1.000000</td>\n",
       "      <td>0.191066</td>\n",
       "      <td>-0.311347</td>\n",
       "      <td>0.269432</td>\n",
       "      <td>0.249503</td>\n",
       "      <td>0.076123</td>\n",
       "      <td>0.337317</td>\n",
       "    </tr>\n",
       "    <tr>\n",
       "      <th>Mn</th>\n",
       "      <td>-0.065682</td>\n",
       "      <td>0.170074</td>\n",
       "      <td>-0.049230</td>\n",
       "      <td>-0.049630</td>\n",
       "      <td>-0.107176</td>\n",
       "      <td>0.253839</td>\n",
       "      <td>0.127351</td>\n",
       "      <td>0.038849</td>\n",
       "      <td>0.239800</td>\n",
       "      <td>0.191066</td>\n",
       "      <td>1.000000</td>\n",
       "      <td>-0.278908</td>\n",
       "      <td>0.105362</td>\n",
       "      <td>0.390059</td>\n",
       "      <td>0.099921</td>\n",
       "      <td>0.323930</td>\n",
       "    </tr>\n",
       "    <tr>\n",
       "      <th>Sand</th>\n",
       "      <td>-0.102130</td>\n",
       "      <td>-0.264067</td>\n",
       "      <td>-0.226911</td>\n",
       "      <td>-0.225636</td>\n",
       "      <td>-0.161278</td>\n",
       "      <td>-0.405029</td>\n",
       "      <td>-0.336955</td>\n",
       "      <td>0.033104</td>\n",
       "      <td>-0.364939</td>\n",
       "      <td>-0.311347</td>\n",
       "      <td>-0.278908</td>\n",
       "      <td>1.000000</td>\n",
       "      <td>-0.869498</td>\n",
       "      <td>-0.795642</td>\n",
       "      <td>-0.172541</td>\n",
       "      <td>-0.381733</td>\n",
       "    </tr>\n",
       "    <tr>\n",
       "      <th>Silt</th>\n",
       "      <td>0.139819</td>\n",
       "      <td>0.148132</td>\n",
       "      <td>0.200327</td>\n",
       "      <td>0.199655</td>\n",
       "      <td>0.216251</td>\n",
       "      <td>0.200875</td>\n",
       "      <td>0.360472</td>\n",
       "      <td>-0.057720</td>\n",
       "      <td>0.281886</td>\n",
       "      <td>0.269432</td>\n",
       "      <td>0.105362</td>\n",
       "      <td>-0.869498</td>\n",
       "      <td>1.000000</td>\n",
       "      <td>0.392604</td>\n",
       "      <td>0.128834</td>\n",
       "      <td>0.256930</td>\n",
       "    </tr>\n",
       "    <tr>\n",
       "      <th>Clay</th>\n",
       "      <td>0.018530</td>\n",
       "      <td>0.310270</td>\n",
       "      <td>0.177017</td>\n",
       "      <td>0.175467</td>\n",
       "      <td>0.035362</td>\n",
       "      <td>0.508103</td>\n",
       "      <td>0.185336</td>\n",
       "      <td>0.009284</td>\n",
       "      <td>0.334471</td>\n",
       "      <td>0.249503</td>\n",
       "      <td>0.390059</td>\n",
       "      <td>-0.795642</td>\n",
       "      <td>0.392604</td>\n",
       "      <td>1.000000</td>\n",
       "      <td>0.163464</td>\n",
       "      <td>0.395989</td>\n",
       "    </tr>\n",
       "    <tr>\n",
       "      <th>CaCO3</th>\n",
       "      <td>0.069781</td>\n",
       "      <td>0.244580</td>\n",
       "      <td>-0.064737</td>\n",
       "      <td>-0.064763</td>\n",
       "      <td>-0.030218</td>\n",
       "      <td>0.223148</td>\n",
       "      <td>-0.037375</td>\n",
       "      <td>0.053424</td>\n",
       "      <td>0.029093</td>\n",
       "      <td>0.076123</td>\n",
       "      <td>0.099921</td>\n",
       "      <td>-0.172541</td>\n",
       "      <td>0.128834</td>\n",
       "      <td>0.163464</td>\n",
       "      <td>1.000000</td>\n",
       "      <td>0.123549</td>\n",
       "    </tr>\n",
       "    <tr>\n",
       "      <th>CEC</th>\n",
       "      <td>-0.127546</td>\n",
       "      <td>0.151634</td>\n",
       "      <td>0.242274</td>\n",
       "      <td>0.241222</td>\n",
       "      <td>0.146390</td>\n",
       "      <td>0.440307</td>\n",
       "      <td>0.220634</td>\n",
       "      <td>0.114444</td>\n",
       "      <td>0.209504</td>\n",
       "      <td>0.337317</td>\n",
       "      <td>0.323930</td>\n",
       "      <td>-0.381733</td>\n",
       "      <td>0.256930</td>\n",
       "      <td>0.395989</td>\n",
       "      <td>0.123549</td>\n",
       "      <td>1.000000</td>\n",
       "    </tr>\n",
       "  </tbody>\n",
       "</table>\n",
       "</div>"
      ],
      "text/plain": [
       "             pH        EC        OC        OM         N         P         K  \\\n",
       "pH     1.000000 -0.039785  0.054628  0.054636  0.215123 -0.104457  0.008033   \n",
       "EC    -0.039785  1.000000 -0.064467 -0.065148 -0.131516  0.034344  0.174792   \n",
       "OC     0.054628 -0.064467  1.000000  0.999953  0.874600 -0.063918  0.117024   \n",
       "OM     0.054636 -0.065148  0.999953  1.000000  0.874989 -0.065122  0.117469   \n",
       "N      0.215123 -0.131516  0.874600  0.874989  1.000000 -0.174320  0.080173   \n",
       "P     -0.104457  0.034344 -0.063918 -0.065122 -0.174320  1.000000  0.040908   \n",
       "K      0.008033  0.174792  0.117024  0.117469  0.080173  0.040908  1.000000   \n",
       "Zn    -0.125287  0.022255  0.052893  0.052041  0.074115  0.088894  0.029318   \n",
       "Fe     0.000248  0.177803  0.268363  0.267066  0.184906  0.155752  0.105048   \n",
       "Cu     0.111895  0.031690  0.048208  0.047907  0.079142  0.179923 -0.035262   \n",
       "Mn    -0.065682  0.170074 -0.049230 -0.049630 -0.107176  0.253839  0.127351   \n",
       "Sand  -0.102130 -0.264067 -0.226911 -0.225636 -0.161278 -0.405029 -0.336955   \n",
       "Silt   0.139819  0.148132  0.200327  0.199655  0.216251  0.200875  0.360472   \n",
       "Clay   0.018530  0.310270  0.177017  0.175467  0.035362  0.508103  0.185336   \n",
       "CaCO3  0.069781  0.244580 -0.064737 -0.064763 -0.030218  0.223148 -0.037375   \n",
       "CEC   -0.127546  0.151634  0.242274  0.241222  0.146390  0.440307  0.220634   \n",
       "\n",
       "             Zn        Fe        Cu        Mn      Sand      Silt      Clay  \\\n",
       "pH    -0.125287  0.000248  0.111895 -0.065682 -0.102130  0.139819  0.018530   \n",
       "EC     0.022255  0.177803  0.031690  0.170074 -0.264067  0.148132  0.310270   \n",
       "OC     0.052893  0.268363  0.048208 -0.049230 -0.226911  0.200327  0.177017   \n",
       "OM     0.052041  0.267066  0.047907 -0.049630 -0.225636  0.199655  0.175467   \n",
       "N      0.074115  0.184906  0.079142 -0.107176 -0.161278  0.216251  0.035362   \n",
       "P      0.088894  0.155752  0.179923  0.253839 -0.405029  0.200875  0.508103   \n",
       "K      0.029318  0.105048 -0.035262  0.127351 -0.336955  0.360472  0.185336   \n",
       "Zn     1.000000 -0.015407  0.117413  0.038849  0.033104 -0.057720  0.009284   \n",
       "Fe    -0.015407  1.000000  0.330394  0.239800 -0.364939  0.281886  0.334471   \n",
       "Cu     0.117413  0.330394  1.000000  0.191066 -0.311347  0.269432  0.249503   \n",
       "Mn     0.038849  0.239800  0.191066  1.000000 -0.278908  0.105362  0.390059   \n",
       "Sand   0.033104 -0.364939 -0.311347 -0.278908  1.000000 -0.869498 -0.795642   \n",
       "Silt  -0.057720  0.281886  0.269432  0.105362 -0.869498  1.000000  0.392604   \n",
       "Clay   0.009284  0.334471  0.249503  0.390059 -0.795642  0.392604  1.000000   \n",
       "CaCO3  0.053424  0.029093  0.076123  0.099921 -0.172541  0.128834  0.163464   \n",
       "CEC    0.114444  0.209504  0.337317  0.323930 -0.381733  0.256930  0.395989   \n",
       "\n",
       "          CaCO3       CEC  \n",
